
(OUTPUT):

(1693) 0000 0110 1001 1101 
(2175) 0000 1000 0111 1111 
(1832) 0000 0111 0010 1000 
(1897) 0000 0111 0110 1001 
(1246) 0000 0100 1101 1110 
(2009) 0000 0111 1101 1001 
(1812) 0000 0111 0001 0100 
(1550) 0000 0110 0000 1110 
(1573) 0000 0110 0010 0101 
(2355) 0000 1001 0011 0011 
(2068) 0000 1000 0001 0100 
(1820) 0000 0111 0001 1100 
(1430) 0000 0101 1001 0110 
(1929) 0000 0111 1000 1001 
(2022) 0000 0111 1110 0110 
(1586) 0000 0110 0011 0010 
(1508) 0000 0101 1110 0100 
(1782) 0000 0110 1111 0110 
(1632) 0000 0110 0110 0000 
(1437) 0000 0101 1001 1101 
(1505) 0000 0101 1110 0001 
(1945) 0000 0111 1001 1001 
(1619) 0000 0110 0101 0011 
(1603) 0000 0110 0100 0011 
(1594) 0000 0110 0011 1010 
(2342) 0000 1001 0010 0110 
(2128) 0000 1000 0101 0000 
(2080) 0000 1000 0010 0000 
(1424) 0000 0101 1001 0000 
(1998) 0000 0111 1100 1110 
(1828) 0000 0111 0010 0100 
(1772) 0000 0110 1110 1100 
(1430) 0000 0101 1001 0110 
(2003) 0000 0111 1101 0011 
(1852) 0000 0111 0011 1100 
(1692) 0000 0110 1001 1100 
(1208) 0000 0100 1011 1000 
(1630) 0000 0110 0101 1110 
(1357) 0000 0101 0100 1101 
(1318) 0000 0101 0010 0110 
(1523) 0000 0101 1111 0011 
(2268) 0000 1000 1101 1100 
(1879) 0000 0111 0101 0111 
(1821) 0000 0111 0001 1101 
(1728) 0000 0110 1100 0000 
(2304) 0000 1001 0000 0000 
(1930) 0000 0111 1000 1010 
(2059) 0000 1000 0000 1011 
(1868) 0000 0111 0100 1100 
(2151) 0000 1000 0110 0111 
(1701) 0000 0110 1010 0101 
(2007) 0000 0111 1101 0111 
(1426) 0000 0101 1001 0010 
(2225) 0000 1000 1011 0001 
(1563) 0000 0110 0001 1011 
(1899) 0000 0111 0110 1011 
(1413) 0000 0101 1000 0101 
(2272) 0000 1000 1110 0000 
(1991) 0000 0111 1100 0111 
(1918) 0000 0111 0111 1110 
(1313) 0000 0101 0010 0001 
(1888) 0000 0111 0110 0000 
(1794) 0000 0111 0000 0010 
(1522) 0000 0101 1111 0010 
(1512) 0000 0101 1110 1000 
(2098) 0000 1000 0011 0010 
(1912) 0000 0111 0111 1000 
(1633) 0000 0110 0110 0001 
(1387) 0000 0101 0110 1011 
(1753) 0000 0110 1101 1001 
(1340) 0000 0101 0011 1100 
(1510) 0000 0101 1110 0110 
(1434) 0000 0101 1001 1010 
(1862) 0000 0111 0100 0110 
(1735) 0000 0110 1100 0111 
(1843) 0000 0111 0011 0011 
(1322) 0000 0101 0010 1010 
(1769) 0000 0110 1110 1001 
(1634) 0000 0110 0110 0010 
(1704) 0000 0110 1010 1000 